-2.639221784193068743e-04
-1.356598659185692668e-04
-1.313481043325737119e-04
-2.231375110568478703e-04
-1.015977541101165116e-04
-2.162362798117101192e-04
-1.347996294498443604e-04
-4.140223609283566475e-04
-2.192757383454591036e-04
-1.582299883011728525e-04
-2.562941808719187975e-04
-4.157566290814429522e-04
-1.245477906195446849e-04
-8.829166763462126255e-04
-1.762897445587441325e-04
-6.605841335840523243e-04
-7.869998225942254066e-04
-1.145180314779281616e-03
1.926569640636444092e-02
7.506252825260162354e-02
1.762612015008926392e-01
2.538988888263702393e-01
2.014481872320175171e-01
8.559606969356536865e-02
3.880329430103302002e-03
-3.035580739378929138e-04
-2.015467471210286021e-04
-5.069739418104290962e-04
-2.194365806644782424e-04
-9.341485565528273582e-04
-8.559442940168082714e-04
-1.806303771445527673e-04
-3.543871280271559954e-04
-1.670148340053856373e-04
-1.556616916786879301e-04
-9.340671385871246457e-05
-3.767086018342524767e-04
-7.231456693261861801e-04
-7.733274105703458190e-05
-2.425573802611324936e-05
