9.162338554922502242e-33
4.999360170770344667e-30
2.028846633197434330e-27
6.124844751071099835e-25
1.374811765707543966e-22
2.291999862641092303e-20
2.833721428079047534e-18
2.594298334201983452e-16
1.757091922047898658e-14
8.806380104309230461e-13
3.272944068544170193e-11
9.059484828988217942e-10
1.880539457488339394e-08
2.958000209218880627e-07
3.592669372665113769e-06
3.611813372117467225e-05
3.894565161317586899e-04
4.510818514972925186e-03
3.036923520267009735e-02
8.618858456611633301e-02
2.032810747623443604e-01
2.436976730823516846e-01
1.673000901937484741e-01
7.785364240407943726e-02
2.609591186046600342e-02
6.559484172612428665e-03
1.271627494134008884e-03
1.927710836753249168e-04
2.287362985953222960e-05
2.113667278536013328e-06
1.513184031409764430e-07
8.364743564470700221e-09
3.563971062714443860e-10
1.169260435002206222e-11
2.952118530099440141e-13
5.733798106991906673e-15
8.565064151992986502e-17
9.838425201135535379e-19
8.689134900434618137e-21
5.899943721600778145e-23
